cubic [ 5.75628495e-02  6.28144163e-02 -3.91129105e-02  2.32468260e-02
 -7.91235839e-03 -8.35136544e-03 -3.56129226e-02 -8.50375771e-01
 -2.19889946e-01 -7.69513420e-01 -1.02553990e-01  5.05473565e-03
  1.12614156e-02 -1.24300741e-01 -3.54567817e-01 -1.52020089e-01
 -1.42154423e-01  7.09065116e-02  5.78951176e-03 -2.53079118e-03
  8.08254290e-04  5.53264389e-01 -3.17610079e-07 -2.46543605e-05]
clipped [ 0.39896802  0.45562995  0.3804054   0.19564048  0.0272729  -0.38975683
 -0.13438009 -0.48946879 -0.43286268  0.13616416  0.44869624  0.17030393
  0.48640739  0.25158149  0.49176306 -0.27584216 -0.37231948 -0.25604494
 -0.42897235  0.48121259 -0.12475412  0.14103592 -0.41222381 -0.4367764 ]
easycompute [-0.30886162 -1.23991864  0.97913185  1.22022808 -0.04486632  1.84059918
 -0.75870137 -1.28070715  0.57580071  0.08680195 -1.91456222 -0.0329125
  0.80130071 -0.00715157  1.23370078  0.29673847  0.47761924  0.28640446
  0.13590712 -0.72165929  0.01708717 -0.75807762 -1.78581241  0.21269473]
